no_mask 0.40906224 184 232 219 289
no_mask 0.43183553 507 281 545 336
no_mask 0.44478706 248 294 280 344
no_mask 0.46531007 733 354 782 403
no_mask 0.48965323 129 239 177 302
no_mask 0.49313015 605 421 643 482
no_mask 0.51347464 123 315 167 364
no_mask 0.64491576 934 233 973 291
no_mask 0.6549596 747 234 791 280
no_mask 0.7343947 415 359 459 412
no_mask 0.8097844 356 266 399 320
no_mask 0.84107655 667 255 706 311
no_mask 0.919598 625 266 667 320
no_mask 0.9427826 274 322 317 372
no_mask 0.98422414 434 256 479 313
