no_mask 0.43922603 216 137 264 199
no_mask 0.5350429 436 84 475 141
no_mask 0.58584374 334 396 383 454
no_mask 0.7099639 625 127 675 183
no_mask 0.7236801 759 370 811 434
no_mask 0.81899333 481 138 528 192
no_mask 0.8237388 688 39 733 97
no_mask 0.8475347 741 101 786 161
no_mask 0.8583223 811 270 854 335
no_mask 0.8726927 519 383 576 446
no_mask 0.9117556 107 276 150 344
no_mask 0.9245887 243 274 296 340
no_mask 0.92508024 561 60 606 125
no_mask 0.9252781 387 281 431 350
no_mask 0.9373567 663 260 715 335
no_mask 0.96446246 318 80 357 133
no_mask 0.9688018 96 149 145 213
no_mask 0.96901315 357 142 404 201
no_mask 0.97773254 136 395 186 464
no_mask 0.9813359 521 266 568 331
no_mask 0.9849301 873 106 922 164
