no_mask 171 218 230 284
no_mask 253 222 299 280
no_mask 396 212 444 280
no_mask 515 216 558 281
no_mask 571 186 610 236
no_mask 674 242 717 297
no_mask 751 239 790 288
no_mask 815 253 857 310
no_mask 919 250 964 303
no_mask 686 127 699 148
no_mask 696 98 701 108
no_mask 686 82 692 93
no_mask 672 78 678 88
no_mask 653 86 660 96
no_mask 639 79 645 90
no_mask 619 76 627 88
no_mask 598 113 605 125
no_mask 591 115 597 127
no_mask 605 81 613 89
no_mask 592 87 598 97
no_mask 572 82 580 94
no_mask 459 69 466 82
no_mask 447 69 452 81
no_mask 431 67 438 77
no_mask 413 65 422 74
no_mask 308 75 315 88
no_mask 517 69 523 78
no_mask 534 87 542 95
no_mask 397 65 406 75
no_mask 356 80 365 95
no_mask 313 104 322 117
no_mask 374 73 384 87
no_mask 618 99 625 109
