no_mask 87 335 123 372
no_mask 123 299 156 340
no_mask 166 299 199 336
no_mask 219 337 249 377
no_mask 251 310 284 347
no_mask 327 289 354 323
no_mask 361 335 388 369
no_mask 437 309 464 341
no_mask 470 319 498 356
no_mask 550 343 575 371
no_mask 553 378 590 424
no_mask 262 401 297 443
no_mask 352 449 387 490
no_mask 456 400 486 437
no_mask 592 412 627 456
no_mask 702 405 733 444
no_mask 635 342 661 371
no_mask 663 310 690 343
no_mask 745 389 772 423
no_mask 772 347 800 377
no_mask 830 346 863 384
no_mask 791 410 830 452
no_mask 898 336 932 375
