no_mask 106 112 145 152
no_mask 189 170 230 213
no_mask 240 129 273 169
no_mask 305 180 343 221
no_mask 335 135 369 176
no_mask 366 210 394 237
no_mask 416 141 450 183
no_mask 447 170 482 213
no_mask 540 173 571 213
no_mask 517 137 548 178
no_mask 443 251 480 290
no_mask 627 173 662 215
no_mask 624 132 655 172
no_mask 717 142 750 185
no_mask 724 241 751 268
no_mask 763 190 799 233
no_mask 838 155 873 196
no_mask 866 207 905 255
no_mask 645 311 678 346
no_mask 559 312 593 351
no_mask 631 389 660 423
no_mask 241 222 279 267
no_mask 171 295 196 320
