no_mask 528 212 550 243
no_mask 566 197 591 223
no_mask 609 220 637 250
no_mask 651 199 677 227
no_mask 695 191 720 221
no_mask 731 190 753 217
no_mask 786 194 810 231
no_mask 817 192 836 219
no_mask 880 189 903 220
no_mask 764 283 792 324
no_mask 666 275 694 314
no_mask 567 287 598 324
no_mask 128 201 154 234
no_mask 172 192 199 225
no_mask 231 198 257 231
no_mask 277 201 304 235
no_mask 324 205 346 234
no_mask 378 209 403 244
no_mask 412 204 435 236
no_mask 444 213 469 247
no_mask 492 201 515 232
no_mask 343 296 372 332
no_mask 438 300 467 337
no_mask 549 369 582 415
no_mask 475 366 507 408
