no_mask 95 151 141 204
no_mask 189 89 229 136
no_mask 314 75 359 130
no_mask 431 83 477 136
no_mask 550 68 597 120
no_mask 686 49 732 98
no_mask 746 101 794 158
no_mask 839 65 886 111
no_mask 874 106 921 168
no_mask 626 134 669 185
no_mask 482 139 532 194
no_mask 356 150 405 202
no_mask 214 138 259 192
no_mask 104 281 152 339
no_mask 250 280 298 338
no_mask 383 292 433 350
no_mask 522 278 573 336
no_mask 660 280 718 334
no_mask 809 273 858 329
no_mask 137 400 189 466
no_mask 330 406 382 466
no_mask 522 389 581 449
no_mask 760 380 814 440
